# Created by Octave 4.2.1, Mon May 22 15:18:35 2017 GMT <unknown@unknown>
# name: A
# type: scalar
1


# name: B
# type: matrix
# rows: 1
# columns: 2
 1 1


# name: N
# type: scalar
10


# name: ampin
# type: scalar
1


# name: df
# type: scalar
0.05555555555555555


# name: dt
# type: scalar
1


# name: f
# type: range
# base, limit, increment
0 0.5 0.05555555555555555


# name: fmax
# type: scalar
0.5


# name: fs
# type: scalar
1


# name: gains
# type: matrix
# rows: 1
# columns: 10
 2 1.969615506024416 1.879385241571817 1.732050807568877 1.532088886237956 1.285575219373079 1 0.6840402866513375 0.3472963553338608 1.224606353822377e-016


# name: i
# type: scalar
10


# name: phasein
# type: scalar
0


# name: phases
# type: matrix
# rows: 1
# columns: 10
 0 -0.1745329251994329 -0.3490658503988658 -0.5235987755982989 -0.6981317007977318 -0.8726646259971649 -1.047197551196598 -1.221730476396031 -1.396263401595464 -1.570796326794896


# name: pscl
# type: scalar
0.1591549430918953


# name: t
# type: range
# base, limit, increment
0 10 1


# name: tar
# type: matrix
# rows: 1
# columns: 10
 2 1.969615506024416 1.879385241571817 1.732050807568877 1.532088886237956 1.285575219373079 1 0.6840402866513376 0.3472963553338608 1.224606353822377e-016


# name: tmax
# type: scalar
10


# name: tpr
# type: matrix
# rows: 1
# columns: 10
 -0 -0.1745329251994329 -0.3490658503988659 -0.5235987755982988 -0.6981317007977318 -0.8726646259971648 -1.047197551196598 -1.221730476396031 -1.396263401595464 -1.570796326794897


# name: ttl
# type: sq_string
# elements: 1
# length: 14
Phase Response


# name: x
# type: range
# base, limit, increment
1 10 1


# name: y
# type: matrix
# rows: 1
# columns: 10
 1 3 5 7 9 11 13 15 17 19


